{
 "cells": [
  {
   "cell_type": "markdown",
   "metadata": {},
   "source": [
    "# Корреляция"
   ]
  },
  {
   "cell_type": "code",
   "execution_count": 1,
   "metadata": {},
   "outputs": [],
   "source": [
    "import warnings\n",
    "warnings.filterwarnings('ignore')\n",
    "from pprint import pprint, pformat\n",
    "from pathlib import Path\n",
    "\n",
    "import joblib\n",
    "\n",
    "from my_lib import *\n",
    "from my_config import *"
   ]
  },
  {
   "cell_type": "code",
   "execution_count": 2,
   "metadata": {},
   "outputs": [],
   "source": [
    "dataset_df_catencoder = joblib.load(Path(result_foler, dataset_filename_after_CatEncoder))\n",
    "params = joblib.load(Path(result_foler, params_filename_after_CatEncoder))\n"
   ]
  },
  {
   "cell_type": "code",
   "execution_count": 3,
   "metadata": {},
   "outputs": [
    {
     "data": {
      "application/vnd.plotly.v1+json": {
       "config": {
        "plotlyServerURL": "https://plot.ly"
       },
       "data": [
        {
         "coloraxis": "coloraxis",
         "hovertemplate": "x: %{x}<br>y: %{y}<br>color: %{z}<extra></extra>",
         "name": "0",
         "texttemplate": "%{z:.2f}",
         "type": "heatmap",
         "x": [
          "Age",
          "Annual Income",
          "Number of Dependents",
          "Education Level",
          "Health Score",
          "Policy Type",
          "Previous Claims",
          "Vehicle Age",
          "Credit Score",
          "Insurance Duration",
          "Customer Feedback",
          "Exercise Frequency",
          "Policy Start Year",
          "Policy Start Month",
          "Policy Start Day",
          "Policy Start Weekday",
          "Gender_Male",
          "Marital Status_Married",
          "Marital Status_Single",
          "Occupation_Self-Employed",
          "Occupation_Unemployed",
          "Location_Suburban",
          "Location_Urban",
          "Property Type_Condo",
          "Property Type_House",
          "Smoking Status_Yes"
         ],
         "xaxis": "x",
         "y": [
          "Age",
          "Annual Income",
          "Number of Dependents",
          "Education Level",
          "Health Score",
          "Policy Type",
          "Previous Claims",
          "Vehicle Age",
          "Credit Score",
          "Insurance Duration",
          "Customer Feedback",
          "Exercise Frequency",
          "Policy Start Year",
          "Policy Start Month",
          "Policy Start Day",
          "Policy Start Weekday",
          "Gender_Male",
          "Marital Status_Married",
          "Marital Status_Single",
          "Occupation_Self-Employed",
          "Occupation_Unemployed",
          "Location_Suburban",
          "Location_Urban",
          "Property Type_Condo",
          "Property Type_House",
          "Smoking Status_Yes"
         ],
         "yaxis": "y",
         "z": [
          [
           1,
           -0.0002775072271957382,
           0.03600678317094451,
           -0.0006240516647458672,
           0.039126273099714004,
           -0.00031677923385743445,
           0.0007911346113611879,
           -0.002432136512995393,
           0.0005366787372341492,
           -0.0011740596309873365,
           0.0006925601111553702,
           -0.00017959521822110848,
           -0.0032078638844946186,
           0.0011121768507944448,
           -0.0005370649828320169,
           -0.0011976551853197198,
           0.00019661059246322855,
           0.020398947640853246,
           0.000023659231701128432,
           -0.0005090629458224836,
           0.000328883259463171,
           -0.001521566460989893,
           0.0024209700709622445,
           -0.0007862814537841026,
           -0.000569547106083025,
           -0.0006566341529525896
          ],
          [
           -0.0002775072271957382,
           1,
           -0.0005489614518774001,
           0.0046708386853741195,
           -0.005338692708667668,
           -0.00004154700142390918,
           -0.0009604743789306967,
           -0.0010609537643777166,
           -0.016930498991089737,
           0.000605890838643446,
           -0.0003073752268376272,
           0.00032632951028709625,
           0.00027408054618876013,
           -0.0010885348526935232,
           0.00046049217513155385,
           -0.0010843732194807025,
           0.0003302218084625126,
           0.029078626876697083,
           -0.030727664903203958,
           0.07732548877359927,
           0.12445820387464868,
           -0.08691181174660581,
           0.13050152955836167,
           -0.2000019643616373,
           0.2707730728726851,
           -0.00010939323434320158
          ],
          [
           0.03600678317094451,
           -0.0005489614518774001,
           1,
           0.03646190583325979,
           0.005932134617314444,
           -0.0010982881454379586,
           -0.0008245568462478294,
           0.0001910643054598727,
           -0.001215482597807246,
           0.00029604285065330945,
           0.0006815863035162595,
           0.000474010491128541,
           0.0024290555232410233,
           -0.0006159924836497107,
           -0.0012559005000005736,
           -0.000341499131507989,
           0.0052715099881009,
           0.012129007783384193,
           -0.00029986460111931795,
           -0.02660055945752604,
           -0.004184908520220248,
           -0.007277267716523772,
           0.0023589182184869627,
           -0.02551287041854632,
           0.025905294335350507,
           0.000760181183321746
          ],
          [
           -0.0006240516647458672,
           0.0046708386853741195,
           0.03646190583325979,
           1,
           0.008639425797824766,
           -0.000011631084591025749,
           0.001198377648722403,
           0.0007015257967695684,
           0.03944580763502167,
           -0.00009974650328579012,
           -0.0011358080452935336,
           -0.0005127157263145523,
           0.0007555586331026769,
           0.0005153184865639284,
           -0.0011444488436642025,
           0.0012425012163166883,
           0.0007612261896178605,
           -0.026483432201403534,
           -0.002971981367513954,
           0.0678983703244324,
           0.15351442663867232,
           0.00010822129425261558,
           0.00181177589640379,
           -0.002396451170263,
           0.003545407080979873,
           0.0007843552039787866
          ],
          [
           0.039126273099714004,
           -0.005338692708667668,
           0.005932134617314444,
           0.008639425797824766,
           1,
           -0.0014538163521881035,
           0.0003897561596131227,
           -0.00023479244608492572,
           0.005819775953815119,
           -0.00024513162280580925,
           -0.0003652368417319801,
           -0.020182892344934613,
           -0.0012653634190010175,
           0.00037381216041481853,
           -0.0002020888710665318,
           0.0010981266101709965,
           0.03205201669433719,
           0.00307567284601229,
           -0.0016485829886385274,
           -0.005620239471400857,
           -0.00021985600316717246,
           -0.0015020212843599745,
           0.0012210521396034282,
           -0.0005603796833369591,
           0.0013645294146059105,
           0.036481651661937696
          ],
          [
           -0.00031677923385743445,
           -0.00004154700142390918,
           -0.0010982881454379586,
           -0.000011631084591025749,
           -0.0014538163521881035,
           1,
           -0.002749492682917471,
           0.0011261162710227664,
           -0.0005243508459145178,
           -0.0009201544700731916,
           0.0002354086244403314,
           -0.00140508030880738,
           0.0026339381535853356,
           0.0003454441316142079,
           -0.00004744688935300239,
           -0.000629698774301189,
           -0.0015388426175490526,
           0.0007802081121599116,
           0.001111295870614145,
           0.00013428171120865123,
           0.0005828530703528973,
           0.0014000551705771757,
           -0.00041516996906141917,
           0.001611963761187747,
           -0.0019201531720680711,
           -0.0017451257964730862
          ],
          [
           0.0007911346113611879,
           -0.0009604743789306967,
           -0.0008245568462478294,
           0.001198377648722403,
           0.0003897561596131227,
           -0.002749492682917471,
           1,
           -0.0021570385114461172,
           0.0014605472524443501,
           -0.00021043544973840792,
           0.0017595338868940692,
           0.0010781557792346268,
           0.0052344675335957765,
           -0.001016259369964015,
           -0.0002169689337138586,
           0.0005126920245340376,
           -0.00016717845890922765,
           0.0001404564530026912,
           -0.0005194957128320518,
           -0.001277955708186366,
           0.0009106581104501699,
           0.0008531460800465576,
           -0.000020185038435509777,
           -0.0012870075758382934,
           -0.0018634631279720755,
           -0.0006213891272939777
          ],
          [
           -0.002432136512995393,
           -0.0010609537643777166,
           0.0001910643054598727,
           0.0007015257967695684,
           -0.00023479244608492572,
           0.0011261162710227664,
           -0.0021570385114461172,
           1,
           0.001114504906118561,
           0.0010819695778994155,
           -0.0004701011494653945,
           0.0006754243728064545,
           0.001689417316721268,
           -0.0004294039692422787,
           -0.00015772812584315785,
           -0.0006819191271835721,
           0.000951102046404009,
           -0.00023175135295130242,
           -0.00002870591667282349,
           0.0004759823879645905,
           0.00048023952771047306,
           -0.00036266819340905376,
           0.00017631609842917032,
           0.001327898109389106,
           -0.0028000662513305787,
           0.00020891271594675623
          ],
          [
           0.0005366787372341492,
           -0.016930498991089737,
           -0.001215482597807246,
           0.03944580763502167,
           0.005819775953815119,
           -0.0005243508459145178,
           0.0014605472524443501,
           0.001114504906118561,
           1,
           0.0003354778091606624,
           0.0005824689676722771,
           -0.0004269511868057375,
           -0.0005075104386265918,
           0.0008008422049222963,
           0.0008441236008931652,
           0.00007821328922284704,
           0.0006109685303869785,
           0.008688366349655795,
           0.01248624174729455,
           0.03311701860323955,
           -0.022258663060359028,
           0.043099028355300266,
           0.06867553341422625,
           -0.06305997685885699,
           -0.1493186912769017,
           0.0012834808316718256
          ],
          [
           -0.0011740596309873365,
           0.000605890838643446,
           0.00029604285065330945,
           -0.00009974650328579012,
           -0.00024513162280580925,
           -0.0009201544700731916,
           -0.00021043544973840792,
           0.0010819695778994155,
           0.0003354778091606624,
           1,
           0.0010501773201835982,
           0.000493406761085109,
           -0.0006592161634433042,
           0.0001410542576510063,
           -0.004100975199554982,
           0.0016623553971443657,
           -0.00018286578228085746,
           0.000824480555390367,
           -0.0012919836733864265,
           -0.00045812595244632866,
           -0.0010978329122197583,
           -0.0007197983251320884,
           0.0002971582427390524,
           -0.0009052962577661076,
           0.0007869561768708483,
           0.0013531755304826826
          ],
          [
           0.0006925601111553702,
           -0.0003073752268376272,
           0.0006815863035162595,
           -0.0011358080452935336,
           -0.0003652368417319801,
           0.0002354086244403314,
           0.0017595338868940692,
           -0.0004701011494653945,
           0.0005824689676722771,
           0.0010501773201835982,
           1,
           0.00029546836670104573,
           0.001340862701157466,
           0.001512038344794068,
           -0.0008477377976297644,
           0.0009936607294094282,
           0.002317203710618099,
           0.001028029877427223,
           0.0009055953358819125,
           0.00020290763709568074,
           -0.002059537903454028,
           0.00022419523403871905,
           0.00016071210861393154,
           0.0001615752388540714,
           -0.001000646553514258,
           0.00015944262183526962
          ],
          [
           -0.00017959521822110848,
           0.00032632951028709625,
           0.000474010491128541,
           -0.0005127157263145523,
           -0.020182892344934613,
           -0.00140508030880738,
           0.0010781557792346268,
           0.0006754243728064545,
           -0.0004269511868057375,
           0.000493406761085109,
           0.00029546836670104573,
           1,
           -0.0009076630730744115,
           0.0022558011808387203,
           0.00034742123530921584,
           -0.00006778757910481844,
           -0.00029653468976593696,
           -0.001401538978076324,
           0.0007927647113164042,
           -0.0010468431201985148,
           0.00042576953271541464,
           0.0006218732814985408,
           -0.0007449454185370684,
           -0.00028848751955839086,
           0.0011018522537809942,
           -0.0017440284843160047
          ],
          [
           -0.0032078638844946186,
           0.00027408054618876013,
           0.0024290555232410233,
           0.0007555586331026769,
           -0.0012653634190010175,
           0.0026339381535853356,
           0.0052344675335957765,
           0.001689417316721268,
           -0.0005075104386265918,
           -0.0006592161634433042,
           0.001340862701157466,
           -0.0009076630730744115,
           1,
           -0.2613118933417457,
           -0.01894738735463637,
           -0.005347886370697043,
           0.000445737116735475,
           -0.000718660571247292,
           0.0016998137992898464,
           -0.00020361601537643105,
           0.00007198754142854824,
           0.000010312157007980275,
           -0.0011463525297585688,
           0.0006145586419580459,
           0.0005966874591614411,
           0.0016442072868164848
          ],
          [
           0.0011121768507944448,
           -0.0010885348526935232,
           -0.0006159924836497107,
           0.0005153184865639284,
           0.00037381216041481853,
           0.0003454441316142079,
           -0.001016259369964015,
           -0.0004294039692422787,
           0.0008008422049222963,
           0.0001410542576510063,
           0.001512038344794068,
           0.0022558011808387203,
           -0.2613118933417457,
           1,
           0.0077252309437429775,
           0.002249713918867472,
           0.0012535692346973513,
           -0.00014372459121254192,
           0.000043554630256349256,
           -0.0004418308691318934,
           0.00021312574789469896,
           -0.0004275548173398234,
           0.0000928029076480706,
           -0.00016752133722338502,
           -0.0024720241921221634,
           -0.000023923290676568547
          ],
          [
           -0.0005370649828320169,
           0.00046049217513155385,
           -0.0012559005000005736,
           -0.0011444488436642025,
           -0.0002020888710665318,
           -0.00004744688935300239,
           -0.0002169689337138586,
           -0.00015772812584315785,
           0.0008441236008931652,
           -0.004100975199554982,
           -0.0008477377976297644,
           0.00034742123530921584,
           -0.01894738735463637,
           0.0077252309437429775,
           1,
           0.0019962937227155334,
           0.0005570118425151266,
           0.00031607494632907273,
           0.0008907857338938966,
           -0.001118957341919268,
           0.0005840340180979555,
           -0.001825772698594687,
           0.0019188853413911364,
           -0.0005766355608084887,
           0.0002442715633311615,
           -0.0013628073991718698
          ],
          [
           -0.0011976551853197198,
           -0.0010843732194807025,
           -0.000341499131507989,
           0.0012425012163166883,
           0.0010981266101709965,
           -0.000629698774301189,
           0.0005126920245340376,
           -0.0006819191271835721,
           0.00007821328922284704,
           0.0016623553971443657,
           0.0009936607294094282,
           -0.00006778757910481844,
           -0.005347886370697043,
           0.002249713918867472,
           0.0019962937227155334,
           1,
           0.000015898921125282246,
           -0.0013164817039975267,
           0.0023345230821821676,
           -0.00015591557654242013,
           0.0021057316290317768,
           0.0012325368938020127,
           -0.000025895885244399396,
           -0.00010825126280467707,
           0.0012890537008783249,
           0.0012727185822947666
          ],
          [
           0.00019661059246322855,
           0.0003302218084625126,
           0.0052715099881009,
           0.0007612261896178605,
           0.03205201669433719,
           -0.0015388426175490526,
           -0.00016717845890922765,
           0.000951102046404009,
           0.0006109685303869785,
           -0.00018286578228085746,
           0.002317203710618099,
           -0.00029653468976593696,
           0.000445737116735475,
           0.0012535692346973513,
           0.0005570118425151266,
           0.000015898921125282246,
           1,
           0.02487683717930634,
           0.0008797597967922287,
           0.02793381781944999,
           -0.0718796717894542,
           -0.0007075082414366053,
           0.001415852962587505,
           -0.0015446492537050042,
           -0.0000892455862232293,
           0.0031866684406588832
          ],
          [
           0.020398947640853246,
           0.029078626876697083,
           0.012129007783384193,
           -0.026483432201403534,
           0.00307567284601229,
           0.0007802081121599116,
           0.0001404564530026912,
           -0.00023175135295130242,
           0.008688366349655795,
           0.000824480555390367,
           0.001028029877427223,
           -0.001401538978076324,
           -0.000718660571247292,
           -0.00014372459121254192,
           0.00031607494632907273,
           -0.0013164817039975267,
           0.02487683717930634,
           1,
           -0.5321443832761791,
           -0.006149008796069483,
           -0.011103448661322119,
           -0.010324959921719308,
           0.00779562850792921,
           -0.011618605458064691,
           0.031958378034283044,
           0.00001366450029171245
          ],
          [
           0.000023659231701128432,
           -0.030727664903203958,
           -0.00029986460111931795,
           -0.002971981367513954,
           -0.0016485829886385274,
           0.001111295870614145,
           -0.0005194957128320518,
           -0.00002870591667282349,
           0.01248624174729455,
           -0.0012919836733864265,
           0.0009055953358819125,
           0.0007927647113164042,
           0.0016998137992898464,
           0.000043554630256349256,
           0.0008907857338938966,
           0.0023345230821821676,
           0.0008797597967922287,
           -0.5321443832761791,
           1,
           0.007960732179380908,
           0.0014663923109429237,
           0.01149548244473989,
           0.0013224331108450567,
           0.007878847171473113,
           -0.04035259688822027,
           0.00022646839522923984
          ],
          [
           -0.0005090629458224836,
           0.07732548877359927,
           -0.02660055945752604,
           0.0678983703244324,
           -0.005620239471400857,
           0.00013428171120865123,
           -0.001277955708186366,
           0.0004759823879645905,
           0.03311701860323955,
           -0.00045812595244632866,
           0.00020290763709568074,
           -0.0010468431201985148,
           -0.00020361601537643105,
           -0.0004418308691318934,
           -0.001118957341919268,
           -0.00015591557654242013,
           0.02793381781944999,
           -0.006149008796069483,
           0.007960732179380908,
           1,
           -0.18189949620025048,
           -0.02096826100275098,
           -0.018597040685617097,
           0.22013866994127151,
           -0.19679866747542016,
           0.001422177877785616
          ],
          [
           0.000328883259463171,
           0.12445820387464868,
           -0.004184908520220248,
           0.15351442663867232,
           -0.00021985600316717246,
           0.0005828530703528973,
           0.0009106581104501699,
           0.00048023952771047306,
           -0.022258663060359028,
           -0.0010978329122197583,
           -0.002059537903454028,
           0.00042576953271541464,
           0.00007198754142854824,
           0.00021312574789469896,
           0.0005840340180979555,
           0.0021057316290317768,
           -0.0718796717894542,
           -0.011103448661322119,
           0.0014663923109429237,
           -0.18189949620025048,
           1,
           0.14882861334485614,
           -0.00010123757890503751,
           -0.0009040076404645891,
           -0.00003876745693274425,
           -0.00026626470150677834
          ],
          [
           -0.001521566460989893,
           -0.08691181174660581,
           -0.007277267716523772,
           0.00010822129425261558,
           -0.0015020212843599745,
           0.0014000551705771757,
           0.0008531460800465576,
           -0.00036266819340905376,
           0.043099028355300266,
           -0.0007197983251320884,
           0.00022419523403871905,
           0.0006218732814985408,
           0.000010312157007980275,
           -0.0004275548173398234,
           -0.001825772698594687,
           0.0012325368938020127,
           -0.0007075082414366053,
           -0.010324959921719308,
           0.01149548244473989,
           -0.02096826100275098,
           0.14882861334485614,
           1,
           -0.499107943719596,
           -0.0006479351975055054,
           -0.00029633275432549937,
           0.00017046163795879656
          ],
          [
           0.0024209700709622445,
           0.13050152955836167,
           0.0023589182184869627,
           0.00181177589640379,
           0.0012210521396034282,
           -0.00041516996906141917,
           -0.000020185038435509777,
           0.00017631609842917032,
           0.06867553341422625,
           0.0002971582427390524,
           0.00016071210861393154,
           -0.0007449454185370684,
           -0.0011463525297585688,
           0.0000928029076480706,
           0.0019188853413911364,
           -0.000025895885244399396,
           0.001415852962587505,
           0.00779562850792921,
           0.0013224331108450567,
           -0.018597040685617097,
           -0.00010123757890503751,
           -0.499107943719596,
           1,
           -0.00022293822017539015,
           0.00009659486846178217,
           0.001526396052913871
          ],
          [
           -0.0007862814537841026,
           -0.2000019643616373,
           -0.02551287041854632,
           -0.002396451170263,
           -0.0005603796833369591,
           0.001611963761187747,
           -0.0012870075758382934,
           0.001327898109389106,
           -0.06305997685885699,
           -0.0009052962577661076,
           0.0001615752388540714,
           -0.00028848751955839086,
           0.0006145586419580459,
           -0.00016752133722338502,
           -0.0005766355608084887,
           -0.00010825126280467707,
           -0.0015446492537050042,
           -0.011618605458064691,
           0.007878847171473113,
           0.22013866994127151,
           -0.0009040076404645891,
           -0.0006479351975055054,
           -0.00022293822017539015,
           1,
           -0.5000204914094153,
           0.0011340021146092438
          ],
          [
           -0.000569547106083025,
           0.2707730728726851,
           0.025905294335350507,
           0.003545407080979873,
           0.0013645294146059105,
           -0.0019201531720680711,
           -0.0018634631279720755,
           -0.0028000662513305787,
           -0.1493186912769017,
           0.0007869561768708483,
           -0.001000646553514258,
           0.0011018522537809942,
           0.0005966874591614411,
           -0.0024720241921221634,
           0.0002442715633311615,
           0.0012890537008783249,
           -0.0000892455862232293,
           0.031958378034283044,
           -0.04035259688822027,
           -0.19679866747542016,
           -0.00003876745693274425,
           -0.00029633275432549937,
           0.00009659486846178217,
           -0.5000204914094153,
           1,
           0.0007056197990510057
          ],
          [
           -0.0006566341529525896,
           -0.00010939323434320158,
           0.000760181183321746,
           0.0007843552039787866,
           0.036481651661937696,
           -0.0017451257964730862,
           -0.0006213891272939777,
           0.00020891271594675623,
           0.0012834808316718256,
           0.0013531755304826826,
           0.00015944262183526962,
           -0.0017440284843160047,
           0.0016442072868164848,
           -0.000023923290676568547,
           -0.0013628073991718698,
           0.0012727185822947666,
           0.0031866684406588832,
           0.00001366450029171245,
           0.00022646839522923984,
           0.001422177877785616,
           -0.00026626470150677834,
           0.00017046163795879656,
           0.001526396052913871,
           0.0011340021146092438,
           0.0007056197990510057,
           1
          ]
         ]
        }
       ],
       "layout": {
        "coloraxis": {
         "colorscale": [
          [
           0,
           "#0d0887"
          ],
          [
           0.1111111111111111,
           "#46039f"
          ],
          [
           0.2222222222222222,
           "#7201a8"
          ],
          [
           0.3333333333333333,
           "#9c179e"
          ],
          [
           0.4444444444444444,
           "#bd3786"
          ],
          [
           0.5555555555555556,
           "#d8576b"
          ],
          [
           0.6666666666666666,
           "#ed7953"
          ],
          [
           0.7777777777777778,
           "#fb9f3a"
          ],
          [
           0.8888888888888888,
           "#fdca26"
          ],
          [
           1,
           "#f0f921"
          ]
         ]
        },
        "height": 1000,
        "margin": {
         "t": 60
        },
        "template": {
         "data": {
          "bar": [
           {
            "error_x": {
             "color": "#2a3f5f"
            },
            "error_y": {
             "color": "#2a3f5f"
            },
            "marker": {
             "line": {
              "color": "#E5ECF6",
              "width": 0.5
             },
             "pattern": {
              "fillmode": "overlay",
              "size": 10,
              "solidity": 0.2
             }
            },
            "type": "bar"
           }
          ],
          "barpolar": [
           {
            "marker": {
             "line": {
              "color": "#E5ECF6",
              "width": 0.5
             },
             "pattern": {
              "fillmode": "overlay",
              "size": 10,
              "solidity": 0.2
             }
            },
            "type": "barpolar"
           }
          ],
          "carpet": [
           {
            "aaxis": {
             "endlinecolor": "#2a3f5f",
             "gridcolor": "white",
             "linecolor": "white",
             "minorgridcolor": "white",
             "startlinecolor": "#2a3f5f"
            },
            "baxis": {
             "endlinecolor": "#2a3f5f",
             "gridcolor": "white",
             "linecolor": "white",
             "minorgridcolor": "white",
             "startlinecolor": "#2a3f5f"
            },
            "type": "carpet"
           }
          ],
          "choropleth": [
           {
            "colorbar": {
             "outlinewidth": 0,
             "ticks": ""
            },
            "type": "choropleth"
           }
          ],
          "contour": [
           {
            "colorbar": {
             "outlinewidth": 0,
             "ticks": ""
            },
            "colorscale": [
             [
              0,
              "#0d0887"
             ],
             [
              0.1111111111111111,
              "#46039f"
             ],
             [
              0.2222222222222222,
              "#7201a8"
             ],
             [
              0.3333333333333333,
              "#9c179e"
             ],
             [
              0.4444444444444444,
              "#bd3786"
             ],
             [
              0.5555555555555556,
              "#d8576b"
             ],
             [
              0.6666666666666666,
              "#ed7953"
             ],
             [
              0.7777777777777778,
              "#fb9f3a"
             ],
             [
              0.8888888888888888,
              "#fdca26"
             ],
             [
              1,
              "#f0f921"
             ]
            ],
            "type": "contour"
           }
          ],
          "contourcarpet": [
           {
            "colorbar": {
             "outlinewidth": 0,
             "ticks": ""
            },
            "type": "contourcarpet"
           }
          ],
          "heatmap": [
           {
            "colorbar": {
             "outlinewidth": 0,
             "ticks": ""
            },
            "colorscale": [
             [
              0,
              "#0d0887"
             ],
             [
              0.1111111111111111,
              "#46039f"
             ],
             [
              0.2222222222222222,
              "#7201a8"
             ],
             [
              0.3333333333333333,
              "#9c179e"
             ],
             [
              0.4444444444444444,
              "#bd3786"
             ],
             [
              0.5555555555555556,
              "#d8576b"
             ],
             [
              0.6666666666666666,
              "#ed7953"
             ],
             [
              0.7777777777777778,
              "#fb9f3a"
             ],
             [
              0.8888888888888888,
              "#fdca26"
             ],
             [
              1,
              "#f0f921"
             ]
            ],
            "type": "heatmap"
           }
          ],
          "heatmapgl": [
           {
            "colorbar": {
             "outlinewidth": 0,
             "ticks": ""
            },
            "colorscale": [
             [
              0,
              "#0d0887"
             ],
             [
              0.1111111111111111,
              "#46039f"
             ],
             [
              0.2222222222222222,
              "#7201a8"
             ],
             [
              0.3333333333333333,
              "#9c179e"
             ],
             [
              0.4444444444444444,
              "#bd3786"
             ],
             [
              0.5555555555555556,
              "#d8576b"
             ],
             [
              0.6666666666666666,
              "#ed7953"
             ],
             [
              0.7777777777777778,
              "#fb9f3a"
             ],
             [
              0.8888888888888888,
              "#fdca26"
             ],
             [
              1,
              "#f0f921"
             ]
            ],
            "type": "heatmapgl"
           }
          ],
          "histogram": [
           {
            "marker": {
             "pattern": {
              "fillmode": "overlay",
              "size": 10,
              "solidity": 0.2
             }
            },
            "type": "histogram"
           }
          ],
          "histogram2d": [
           {
            "colorbar": {
             "outlinewidth": 0,
             "ticks": ""
            },
            "colorscale": [
             [
              0,
              "#0d0887"
             ],
             [
              0.1111111111111111,
              "#46039f"
             ],
             [
              0.2222222222222222,
              "#7201a8"
             ],
             [
              0.3333333333333333,
              "#9c179e"
             ],
             [
              0.4444444444444444,
              "#bd3786"
             ],
             [
              0.5555555555555556,
              "#d8576b"
             ],
             [
              0.6666666666666666,
              "#ed7953"
             ],
             [
              0.7777777777777778,
              "#fb9f3a"
             ],
             [
              0.8888888888888888,
              "#fdca26"
             ],
             [
              1,
              "#f0f921"
             ]
            ],
            "type": "histogram2d"
           }
          ],
          "histogram2dcontour": [
           {
            "colorbar": {
             "outlinewidth": 0,
             "ticks": ""
            },
            "colorscale": [
             [
              0,
              "#0d0887"
             ],
             [
              0.1111111111111111,
              "#46039f"
             ],
             [
              0.2222222222222222,
              "#7201a8"
             ],
             [
              0.3333333333333333,
              "#9c179e"
             ],
             [
              0.4444444444444444,
              "#bd3786"
             ],
             [
              0.5555555555555556,
              "#d8576b"
             ],
             [
              0.6666666666666666,
              "#ed7953"
             ],
             [
              0.7777777777777778,
              "#fb9f3a"
             ],
             [
              0.8888888888888888,
              "#fdca26"
             ],
             [
              1,
              "#f0f921"
             ]
            ],
            "type": "histogram2dcontour"
           }
          ],
          "mesh3d": [
           {
            "colorbar": {
             "outlinewidth": 0,
             "ticks": ""
            },
            "type": "mesh3d"
           }
          ],
          "parcoords": [
           {
            "line": {
             "colorbar": {
              "outlinewidth": 0,
              "ticks": ""
             }
            },
            "type": "parcoords"
           }
          ],
          "pie": [
           {
            "automargin": true,
            "type": "pie"
           }
          ],
          "scatter": [
           {
            "fillpattern": {
             "fillmode": "overlay",
             "size": 10,
             "solidity": 0.2
            },
            "type": "scatter"
           }
          ],
          "scatter3d": [
           {
            "line": {
             "colorbar": {
              "outlinewidth": 0,
              "ticks": ""
             }
            },
            "marker": {
             "colorbar": {
              "outlinewidth": 0,
              "ticks": ""
             }
            },
            "type": "scatter3d"
           }
          ],
          "scattercarpet": [
           {
            "marker": {
             "colorbar": {
              "outlinewidth": 0,
              "ticks": ""
             }
            },
            "type": "scattercarpet"
           }
          ],
          "scattergeo": [
           {
            "marker": {
             "colorbar": {
              "outlinewidth": 0,
              "ticks": ""
             }
            },
            "type": "scattergeo"
           }
          ],
          "scattergl": [
           {
            "marker": {
             "colorbar": {
              "outlinewidth": 0,
              "ticks": ""
             }
            },
            "type": "scattergl"
           }
          ],
          "scattermapbox": [
           {
            "marker": {
             "colorbar": {
              "outlinewidth": 0,
              "ticks": ""
             }
            },
            "type": "scattermapbox"
           }
          ],
          "scatterpolar": [
           {
            "marker": {
             "colorbar": {
              "outlinewidth": 0,
              "ticks": ""
             }
            },
            "type": "scatterpolar"
           }
          ],
          "scatterpolargl": [
           {
            "marker": {
             "colorbar": {
              "outlinewidth": 0,
              "ticks": ""
             }
            },
            "type": "scatterpolargl"
           }
          ],
          "scatterternary": [
           {
            "marker": {
             "colorbar": {
              "outlinewidth": 0,
              "ticks": ""
             }
            },
            "type": "scatterternary"
           }
          ],
          "surface": [
           {
            "colorbar": {
             "outlinewidth": 0,
             "ticks": ""
            },
            "colorscale": [
             [
              0,
              "#0d0887"
             ],
             [
              0.1111111111111111,
              "#46039f"
             ],
             [
              0.2222222222222222,
              "#7201a8"
             ],
             [
              0.3333333333333333,
              "#9c179e"
             ],
             [
              0.4444444444444444,
              "#bd3786"
             ],
             [
              0.5555555555555556,
              "#d8576b"
             ],
             [
              0.6666666666666666,
              "#ed7953"
             ],
             [
              0.7777777777777778,
              "#fb9f3a"
             ],
             [
              0.8888888888888888,
              "#fdca26"
             ],
             [
              1,
              "#f0f921"
             ]
            ],
            "type": "surface"
           }
          ],
          "table": [
           {
            "cells": {
             "fill": {
              "color": "#EBF0F8"
             },
             "line": {
              "color": "white"
             }
            },
            "header": {
             "fill": {
              "color": "#C8D4E3"
             },
             "line": {
              "color": "white"
             }
            },
            "type": "table"
           }
          ]
         },
         "layout": {
          "annotationdefaults": {
           "arrowcolor": "#2a3f5f",
           "arrowhead": 0,
           "arrowwidth": 1
          },
          "autotypenumbers": "strict",
          "coloraxis": {
           "colorbar": {
            "outlinewidth": 0,
            "ticks": ""
           }
          },
          "colorscale": {
           "diverging": [
            [
             0,
             "#8e0152"
            ],
            [
             0.1,
             "#c51b7d"
            ],
            [
             0.2,
             "#de77ae"
            ],
            [
             0.3,
             "#f1b6da"
            ],
            [
             0.4,
             "#fde0ef"
            ],
            [
             0.5,
             "#f7f7f7"
            ],
            [
             0.6,
             "#e6f5d0"
            ],
            [
             0.7,
             "#b8e186"
            ],
            [
